# 337
# time lon lat ele hdop vdop speed direction journey journey3
1487262591.000000 113.89674850 22.95116079 52.58670807 0.00000000 0.00000000 0.00000000 0.00000000 0.00000000 0.00000000
1487262592.000000 113.89673983 22.95114346 52.33094788 0.00000000 0.00000000 0.00000000 0.00000000 2.11595968 2.13136075
1487262593.000000 113.89673044 22.95112157 51.93389130 0.00000000 0.00000000 0.00000000 0.00000000 4.72428458 4.76973387
1487262594.000000 113.89672077 22.95109803 51.44847870 0.00000000 0.00000000 0.00000000 0.00000000 7.51256436 7.59995109
1487262595.000000 113.89671098 22.95107381 50.90295792 0.00000000 0.00000000 0.00000000 0.00000000 10.37691342 10.51578518
1487262596.000000 113.89670160 22.95104975 50.36948776 0.00000000 0.00000000 0.00000000 0.00000000 13.21036691 13.39902105
1487262597.000000 113.89669307 22.95102516 49.85665131 0.00000000 0.00000000 0.00000000 0.00000000 16.06997458 16.30425035
1487262598.000000 113.89668488 22.95100085 49.28324509 0.00000000 0.00000000 0.00000000 0.00000000 18.89072906 19.18269621
1487262599.000000 113.89667719 22.95097578 48.80156708 0.00000000 0.00000000 0.00000000 0.00000000 21.77640157 22.10829350
1487262600.000000 113.89666970 22.95095016 48.32336044 0.00000000 0.00000000 0.00000000 0.00000000 24.71567351 25.08621242
1487262601.000000 113.89666431 22.95092140 47.80396652 0.00000000 0.00000000 0.00000000 0.00000000 27.94850867 28.36050521
1487262602.000000 113.89666034 22.95088913 47.32748413 0.00000000 0.00000000 0.00000000 0.00000000 31.54601435 31.98942826
1487262603.000000 113.89665701 22.95085493 46.86206055 0.00000000 0.00000000 0.00000000 0.00000000 35.34815402 35.81994849
1487262604.000000 113.89665461 22.95082210 46.41725540 0.00000000 0.00000000 0.00000000 0.00000000 38.99178293 39.49062734
1487262605.000000 113.89665297 22.95079093 45.98159790 0.00000000 0.00000000 0.00000000 0.00000000 42.44818119 42.97437337
1487262606.000000 113.89665160 22.95076074 45.55469513 0.00000000 0.00000000 0.00000000 0.00000000 45.79434130 46.34765567
1487262607.000000 113.89664873 22.95073216 45.15282059 0.00000000 0.00000000 0.00000000 0.00000000 48.97290323 49.55152194
1487262608.000000 113.89664475 22.95070227 45.15649033 0.00000000 0.00000000 0.00000000 0.00000000 52.30891468 52.88753541
1487262609.000000 113.89663855 22.95067331 44.78277206 0.00000000 0.00000000 0.00000000 0.00000000 55.57849100 56.17840074
1487262610.000000 113.89663399 22.95064327 44.80083084 0.00000000 0.00000000 0.00000000 0.00000000 58.93778349 59.53774177
1487262611.000000 113.89662314 22.95061549 44.46681976 0.00000000 0.00000000 0.00000000 0.00000000 62.20870394 62.82567182
1487262612.000000 113.89660581 22.95058924 44.15871811 0.00000000 0.00000000 0.00000000 0.00000000 65.61558090 66.24645203
1487262613.000000 113.89658380 22.95056491 43.86536789 0.00000000 0.00000000 0.00000000 0.00000000 69.13143142 69.77451938
1487262614.000000 113.89655857 22.95054233 43.58698654 0.00000000 0.00000000 0.00000000 0.00000000 72.72903508 73.38287749
1487262615.000000 113.89653073 22.95052186 43.31805038 0.00000000 0.00000000 0.00000000 0.00000000 76.37525852 77.03900551
1487262616.000000 113.89650295 22.95050298 43.09578323 0.00000000 0.00000000 0.00000000 0.00000000 79.90878663 80.57951728
1487262617.000000 113.89647827 22.95048448 42.91072464 0.00000000 0.00000000 0.00000000 0.00000000 83.16545937 83.84144370
1487262618.000000 113.89645783 22.95046888 42.76291656 0.00000000 0.00000000 0.00000000 0.00000000 85.88178894 86.56179176
1487262619.000000 113.89644351 22.95045789 42.65164185 0.00000000 0.00000000 0.00000000 0.00000000 87.79013676 88.47338102
1487262620.000000 113.89643037 22.95044799 43.73677063 0.00000000 0.00000000 0.00000000 0.00000000 89.52670848 90.52110800
1487262621.000000 113.89641835 22.95043971 44.20616150 0.00000000 0.00000000 0.00000000 0.00000000 91.06361188 92.12809270
1487262621.000000 113.89641835 22.95043971 44.20616150 0.00000000 0.00000000 0.00000000 0.00000000 91.06361188 92.12809270
1487262622.000000 113.89640829 22.95043272 44.44592667 0.00000000 0.00000000 0.00000000 0.00000000 92.35313608 93.43971765
1487262622.000000 113.89640829 22.95043272 44.44592667 0.00000000 0.00000000 0.00000000 0.00000000 92.35313608 93.43971765
1487262622.000000 113.89640829 22.95043272 44.44592667 0.00000000 0.00000000 0.00000000 0.00000000 92.35313608 93.43971765
1487262623.000000 113.89640287 22.95042875 44.60626602 0.00000000 0.00000000 0.00000000 0.00000000 93.06197443 94.16646418
1487262623.000000 113.89640287 22.95042875 44.60626602 0.00000000 0.00000000 0.00000000 0.00000000 93.06197443 94.16646418
1487262624.000000 113.89640220 22.95042704 44.77062607 0.00000000 0.00000000 0.00000000 0.00000000 93.26361867 94.42660765
1487262624.000000 113.89640220 22.95042704 44.77062607 0.00000000 0.00000000 0.00000000 0.00000000 93.26361867 94.42660765
1487262626.000000 113.89638688 22.95041463 44.75840759 0.00000000 0.00000000 0.00000000 0.00000000 95.35063365 96.51365839
1487262626.000000 113.89638688 22.95041463 44.75840759 0.00000000 0.00000000 0.00000000 0.00000000 95.35063365 96.51365839
1487262626.000000 113.89638688 22.95041463 44.75840759 0.00000000 0.00000000 0.00000000 0.00000000 95.35063365 96.51365839
1487262626.000000 113.89638688 22.95041463 44.75840759 0.00000000 0.00000000 0.00000000 0.00000000 95.35063365 96.51365839
1487262626.000000 113.89638688 22.95041463 44.75840759 0.00000000 0.00000000 0.00000000 0.00000000 95.35063365 96.51365839
1487262626.000000 113.89638688 22.95041463 44.75840759 0.00000000 0.00000000 0.00000000 0.00000000 95.35063365 96.51365839
1487262626.000000 113.89638688 22.95041463 44.75840759 0.00000000 0.00000000 0.00000000 0.00000000 95.35063365 96.51365839
1487262629.000000 113.89636427 22.95039633 44.61997986 0.00000000 0.00000000 0.00000000 0.00000000 98.43103288 99.59716641
1487262629.000000 113.89636427 22.95039633 44.61997986 0.00000000 0.00000000 0.00000000 0.00000000 98.43103288 99.59716641
1487262629.000000 113.89636427 22.95039633 44.61997986 0.00000000 0.00000000 0.00000000 0.00000000 98.43103288 99.59716641
1487262631.000000 113.89638230 22.95040011 44.42487717 0.00000000 0.00000000 0.00000000 0.00000000 100.32685800 101.50300427
1487262633.000000 113.89639240 22.95040095 44.18195343 0.00000000 0.00000000 0.00000000 0.00000000 101.36684537 102.57098632
1487262640.000000 113.89639605 22.95040495 43.33039093 0.00000000 0.00000000 0.00000000 0.00000000 101.94810184 103.60201385
1487262648.000000 113.89640000 22.95041525 45.54941177 0.00000000 0.00000000 0.00000000 0.00000000 103.15774589 106.12932314
1487262653.000000 113.89641036 22.95038285 45.29676437 0.00000000 0.00000000 0.00000000 0.00000000 106.90000673 109.88010265
1487262654.000000 113.89641385 22.95037300 45.20826721 0.00000000 0.00000000 0.00000000 0.00000000 108.04720351 111.03070780
1487262655.000000 113.89641667 22.95036485 45.14091110 0.00000000 0.00000000 0.00000000 0.00000000 108.99585725 111.98174973
1487262656.000000 113.89643099 22.95034118 45.06963730 0.00000000 0.00000000 0.00000000 0.00000000 111.99941464 114.98615265
1487262657.000000 113.89644815 22.95031945 44.99953461 0.00000000 0.00000000 0.00000000 0.00000000 114.98178560 117.96934741
1487262658.000000 113.89646528 22.95030033 44.93305206 0.00000000 0.00000000 0.00000000 0.00000000 117.73318736 120.72155227
1487262659.000000 113.89648625 22.95029017 44.89456558 0.00000000 0.00000000 0.00000000 0.00000000 120.16055353 123.14922353
1487262660.000000 113.89650901 22.95028586 44.83708954 0.00000000 0.00000000 0.00000000 0.00000000 122.54309074 125.53245390
1487262661.000000 113.89653376 22.95028482 44.78438950 0.00000000 0.00000000 0.00000000 0.00000000 125.08339373 128.07330349
1487262662.000000 113.89655828 22.95028244 44.73046494 0.00000000 0.00000000 0.00000000 0.00000000 127.61197712 130.60246180
1487262663.000000 113.89658808 22.95028791 44.68939972 0.00000000 0.00000000 0.00000000 0.00000000 130.72786812 133.71862340
1487262664.000000 113.89661951 22.95029244 44.64648819 0.00000000 0.00000000 0.00000000 0.00000000 133.98975702 136.98079455
1487262665.000000 113.89665116 22.95029438 44.61789322 0.00000000 0.00000000 0.00000000 0.00000000 137.24340295 140.23456613
1487262666.000000 113.89668227 22.95029586 44.60396957 0.00000000 0.00000000 0.00000000 0.00000000 140.43863138 143.42982490
1487262667.000000 113.89671189 22.95029388 44.59503555 0.00000000 0.00000000 0.00000000 0.00000000 143.48372495 146.47493157
1487262668.000000 113.89673989 22.95028979 44.62833023 0.00000000 0.00000000 0.00000000 0.00000000 146.39068014 149.38207743
1487262669.000000 113.89676777 22.95028499 45.01281357 0.00000000 0.00000000 0.00000000 0.00000000 149.29945115 152.31614904
1487262670.000000 113.89679902 22.95028123 45.03334427 0.00000000 0.00000000 0.00000000 0.00000000 152.53102732 155.54779042
1487262671.000000 113.89683236 22.95027744 45.23028183 0.00000000 0.00000000 0.00000000 0.00000000 155.97660854 158.99899519
1487262672.000000 113.89686551 22.95027363 45.26624680 0.00000000 0.00000000 0.00000000 0.00000000 159.40269103 162.42526645
1487262673.000000 113.89689924 22.95026774 45.32538605 0.00000000 0.00000000 0.00000000 0.00000000 162.92229991 165.94537215
1487262674.000000 113.89693281 22.95026047 45.40531540 0.00000000 0.00000000 0.00000000 0.00000000 166.45889596 169.48287131
1487262675.000000 113.89696625 22.95025410 45.49796677 0.00000000 0.00000000 0.00000000 0.00000000 169.95983325 172.98503438
1487262676.000000 113.89699948 22.95024477 45.62247849 0.00000000 0.00000000 0.00000000 0.00000000 173.52112183 176.54849891
1487262677.000000 113.89703132 22.95023585 45.76489258 0.00000000 0.00000000 0.00000000 0.00000000 176.93297673 179.96332477
1487262678.000000 113.89706160 22.95022895 45.91959000 0.00000000 0.00000000 0.00000000 0.00000000 180.13122394 183.16531111
1487262679.000000 113.89709027 22.95022343 46.08566284 0.00000000 0.00000000 0.00000000 0.00000000 183.13415946 186.17283533
1487262680.000000 113.89711853 22.95021779 46.24571609 0.00000000 0.00000000 0.00000000 0.00000000 186.09850070 189.14149429
1487262681.000000 113.89714720 22.95021163 46.40392685 0.00000000 0.00000000 0.00000000 0.00000000 189.11735398 192.16449045
1487262682.000000 113.89717599 22.95020632 46.55355835 0.00000000 0.00000000 0.00000000 0.00000000 192.12834920 195.17920135
1487262683.000000 113.89720418 22.95020212 47.17634201 0.00000000 0.00000000 0.00000000 0.00000000 195.05688002 198.17322077
1487262684.000000 113.89723114 22.95020067 47.49746704 0.00000000 0.00000000 0.00000000 0.00000000 197.82645951 200.96135488
1487262685.000000 113.89725720 22.95020072 47.70583725 0.00000000 0.00000000 0.00000000 0.00000000 200.49911459 203.64212031
1487262686.000000 113.89728302 22.95020120 47.85884476 0.00000000 0.00000000 0.00000000 0.00000000 203.14759892 206.29502071
1487262687.000000 113.89730749 22.95020214 47.95679855 0.00000000 0.00000000 0.00000000 0.00000000 205.65899573 208.80832708
1487262688.000000 113.89733131 22.95020560 48.05055237 0.00000000 0.00000000 0.00000000 0.00000000 208.13224058 211.28334826
1487262689.000000 113.89735496 22.95021044 48.14430237 0.00000000 0.00000000 0.00000000 0.00000000 210.61572729 213.76860384
1487262690.000000 113.89737942 22.95021561 48.23569870 0.00000000 0.00000000 0.00000000 0.00000000 213.18911454 216.34361359
1487262691.000000 113.89740398 22.95022031 48.32451248 0.00000000 0.00000000 0.00000000 0.00000000 215.76116686 218.91719884
1487262692.000000 113.89742812 22.95022437 48.41052628 0.00000000 0.00000000 0.00000000 0.00000000 218.27748597 221.43498760
1487262693.000000 113.89745265 22.95022794 48.49076843 0.00000000 0.00000000 0.00000000 0.00000000 220.82405975 223.98282528
1487262694.000000 113.89747676 22.95023009 48.57059479 0.00000000 0.00000000 0.00000000 0.00000000 223.30824403 226.46829179
1487262695.000000 113.89750195 22.95023076 48.51878357 0.00000000 0.00000000 0.00000000 0.00000000 225.89268600 229.05325304
1487262696.000000 113.89752722 22.95023071 48.59463120 0.00000000 0.00000000 0.00000000 0.00000000 228.48474896 231.64642548
1487262697.000000 113.89755274 22.95023145 48.61191177 0.00000000 0.00000000 0.00000000 0.00000000 231.10359325 234.26532677
1487262698.000000 113.89757955 22.95023257 48.69097137 0.00000000 0.00000000 0.00000000 0.00000000 233.85524739 237.01811645
1487262699.000000 113.89760586 22.95023314 48.77004242 0.00000000 0.00000000 0.00000000 0.00000000 236.55516605 239.71919271
1487262700.000000 113.89763549 22.95023376 48.84926605 0.00000000 0.00000000 0.00000000 0.00000000 239.59450904 242.75956804
1487262701.000000 113.89766629 22.95023445 48.91421509 0.00000000 0.00000000 0.00000000 0.00000000 242.75395464 245.91968115
1487262702.000000 113.89769783 22.95023502 48.99648285 0.00000000 0.00000000 0.00000000 0.00000000 245.98915575 249.15592809
1487262703.000000 113.89772995 22.95023407 49.07468033 0.00000000 0.00000000 0.00000000 0.00000000 249.28545655 252.45315629
1487262704.000000 113.89776107 22.95023292 49.15298843 0.00000000 0.00000000 0.00000000 0.00000000 252.47906694 255.64772661
1487262705.000000 113.89779108 22.95023194 49.23143768 0.00000000 0.00000000 0.00000000 0.00000000 255.55936994 258.72902841
1487262706.000000 113.89781699 22.95022479 49.31008530 0.00000000 0.00000000 0.00000000 0.00000000 258.33159644 261.50237030
1487262707.000000 113.89784140 22.95021360 49.34240723 0.00000000 0.00000000 0.00000000 0.00000000 261.12586940 264.29683020
1487262708.000000 113.89786490 22.95020196 49.37486649 0.00000000 0.00000000 0.00000000 0.00000000 263.85897552 267.03012906
1487262709.000000 113.89788686 22.95019043 49.40673065 0.00000000 0.00000000 0.00000000 0.00000000 266.44769555 269.61904518
1487262710.000000 113.89790934 22.95018131 49.43762589 0.00000000 0.00000000 0.00000000 0.00000000 268.96435090 272.13589016
1487262711.000000 113.89793162 22.95017233 49.46732330 0.00000000 0.00000000 0.00000000 0.00000000 271.45695410 274.62867027
1487262712.000000 113.89795108 22.95016523 49.50751495 0.00000000 0.00000000 0.00000000 0.00000000 273.60184365 276.77393635
1487262713.000000 113.89796783 22.95016006 49.56677246 0.00000000 0.00000000 0.00000000 0.00000000 275.41308677 278.58614856
1487262714.000000 113.89798113 22.95015517 49.60968399 0.00000000 0.00000000 0.00000000 0.00000000 276.88077740 280.05446636
1487262715.000000 113.89799080 22.95015026 49.65898895 0.00000000 0.00000000 0.00000000 0.00000000 278.01111682 281.18588061
1487262716.000000 113.89799828 22.95014551 49.70383453 0.00000000 0.00000000 0.00000000 0.00000000 278.94173159 282.11757529
1487262716.000000 113.89799828 22.95014551 49.70383453 0.00000000 0.00000000 0.00000000 0.00000000 278.94173159 282.11757529
1487262716.000000 113.89799828 22.95014551 49.70383453 0.00000000 0.00000000 0.00000000 0.00000000 278.94173159 282.11757529
1487262717.000000 113.89800359 22.95014046 49.74474716 0.00000000 0.00000000 0.00000000 0.00000000 279.72201455 282.89893009
1487262717.000000 113.89800359 22.95014046 49.74474716 0.00000000 0.00000000 0.00000000 0.00000000 279.72201455 282.89893009
1487262717.000000 113.89800359 22.95014046 49.74474716 0.00000000 0.00000000 0.00000000 0.00000000 279.72201455 282.89893009
1487262718.000000 113.89800314 22.95013790 49.80526352 0.00000000 0.00000000 0.00000000 0.00000000 280.00908082 283.19230575
1487262718.000000 113.89800314 22.95013790 49.80526352 0.00000000 0.00000000 0.00000000 0.00000000 280.00908082 283.19230575
1487262718.000000 113.89800314 22.95013790 49.80526352 0.00000000 0.00000000 0.00000000 0.00000000 280.00908082 283.19230575
1487262719.000000 113.89800236 22.95013648 49.86576080 0.00000000 0.00000000 0.00000000 0.00000000 280.18642296 283.37968279
1487262719.000000 113.89800236 22.95013648 49.86576080 0.00000000 0.00000000 0.00000000 0.00000000 280.18642296 283.37968279
1487262719.000000 113.89800236 22.95013648 49.86576080 0.00000000 0.00000000 0.00000000 0.00000000 280.18642296 283.37968279
1487262719.000000 113.89800236 22.95013648 49.86576080 0.00000000 0.00000000 0.00000000 0.00000000 280.18642296 283.37968279
1487262722.000000 113.89801196 22.95012905 50.07307434 0.00000000 0.00000000 0.00000000 0.00000000 281.46949078 284.67939120
1487262725.000000 113.89802393 22.95012025 50.27883148 0.00000000 0.00000000 0.00000000 0.00000000 283.03739508 286.26073869
1487262728.000000 113.89803565 22.95011165 50.48460388 0.00000000 0.00000000 0.00000000 0.00000000 284.57075270 287.80784175
1487262746.000000 113.89800273 22.95013793 50.66905594 0.00000000 0.00000000 0.00000000 0.00000000 289.02794976 292.26885376
1487262751.000000 113.89803661 22.95016439 50.45230865 0.00000000 0.00000000 0.00000000 0.00000000 293.57267952 296.81874914
1487262752.000000 113.89804987 22.95017525 50.37689972 0.00000000 0.00000000 0.00000000 0.00000000 295.38801934 298.63565452
1487262753.000000 113.89806428 22.95018859 50.29571152 0.00000000 0.00000000 0.00000000 0.00000000 297.47791510 300.72712669
1487262754.000000 113.89807908 22.95020725 50.20947266 0.00000000 0.00000000 0.00000000 0.00000000 300.04198546 303.29264690
1487262755.000000 113.89809166 22.95022311 50.14091873 0.00000000 0.00000000 0.00000000 0.00000000 302.22090600 305.47264560
1487262756.000000 113.89810205 22.95023726 50.06697083 0.00000000 0.00000000 0.00000000 0.00000000 304.11610102 307.36928274
1487262757.000000 113.89810862 22.95027319 49.98495102 0.00000000 0.00000000 0.00000000 0.00000000 308.15158316 311.40559831
1487262758.000000 113.89810768 22.95031502 49.89204407 0.00000000 0.00000000 0.00000000 0.00000000 312.78537159 316.04031804
1487262759.000000 113.89809686 22.95035718 49.78598404 0.00000000 0.00000000 0.00000000 0.00000000 317.58394659 320.84006499
1487262760.000000 113.89808560 22.95039582 49.47083664 0.00000000 0.00000000 0.00000000 0.00000000 322.01691615 325.28422262
1487262761.000000 113.89807986 22.95043324 49.34334564 0.00000000 0.00000000 0.00000000 0.00000000 326.20244920 329.47169690
1487262762.000000 113.89807696 22.95046996 49.21255493 0.00000000 0.00000000 0.00000000 0.00000000 330.27975951 333.55110440
1487262763.000000 113.89808462 22.95050341 49.09647369 0.00000000 0.00000000 0.00000000 0.00000000 334.06673473 337.33985831
1487262764.000000 113.89810202 22.95053274 48.98063278 0.00000000 0.00000000 0.00000000 0.00000000 337.77242119 341.04735493
1487262765.000000 113.89812522 22.95055790 48.86823654 0.00000000 0.00000000 0.00000000 0.00000000 341.43572700 344.71238459
1487262777.000000 113.89816393 22.95060415 48.15769196 0.00000000 0.00000000 0.00000000 0.00000000 347.91714130 351.23263036
1487262778.000000 113.89817471 22.95062606 48.02292633 0.00000000 0.00000000 0.00000000 0.00000000 350.58278384 353.90167737
1487262779.000000 113.89818986 22.95065124 47.88454437 0.00000000 0.00000000 0.00000000 0.00000000 353.77501084 357.09690236
1487262780.000000 113.89820311 22.95067475 47.77638626 0.00000000 0.00000000 0.00000000 0.00000000 356.71240693 360.03628903
1487262781.000000 113.89821497 22.95069776 47.65484238 0.00000000 0.00000000 0.00000000 0.00000000 359.53593415 362.86243108
1487262782.000000 113.89822090 22.95072067 47.53422165 0.00000000 0.00000000 0.00000000 0.00000000 362.14494610 365.47422983
1487262783.000000 113.89822264 22.95074544 47.40689468 0.00000000 0.00000000 0.00000000 0.00000000 364.89430125 368.22653176
1487262784.000000 113.89822458 22.95076947 47.27997971 0.00000000 0.00000000 0.00000000 0.00000000 367.56279158 370.89803846
1487262785.000000 113.89821873 22.95079598 47.15524673 0.00000000 0.00000000 0.00000000 0.00000000 370.55887302 373.89671522
1487262786.000000 113.89820879 22.95082376 47.00610352 0.00000000 0.00000000 0.00000000 0.00000000 373.79935301 377.14062555
1487262787.000000 113.89819658 22.95085242 46.86059952 0.00000000 0.00000000 0.00000000 0.00000000 377.21188765 380.55626079
1487262788.000000 113.89818741 22.95088035 46.70525742 0.00000000 0.00000000 0.00000000 0.00000000 380.44508494 383.79318772
1487262789.000000 113.89817967 22.95090803 46.51352310 0.00000000 0.00000000 0.00000000 0.00000000 383.61134367 386.96524641
1487262790.000000 113.89817633 22.95093679 46.41288757 0.00000000 0.00000000 0.00000000 0.00000000 386.81505956 390.17054250
1487262791.000000 113.89817557 22.95096663 46.27552032 0.00000000 0.00000000 0.00000000 0.00000000 390.11998352 393.47832003
1487262792.000000 113.89817412 22.95099589 46.09893417 0.00000000 0.00000000 0.00000000 0.00000000 393.36383577 396.72697514
1487262793.000000 113.89817429 22.95102540 45.95125198 0.00000000 0.00000000 0.00000000 0.00000000 396.63173956 399.99821424
1487262794.000000 113.89817513 22.95105399 45.80678940 0.00000000 0.00000000 0.00000000 0.00000000 399.79925384 403.16902109
1487262795.000000 113.89817706 22.95108204 45.65590286 0.00000000 0.00000000 0.00000000 0.00000000 402.91130716 406.28473011
1487262796.000000 113.89817921 22.95110922 45.49334335 0.00000000 0.00000000 0.00000000 0.00000000 405.92947467 409.30727220
1487262797.000000 113.89818029 22.95113642 45.33029556 0.00000000 0.00000000 0.00000000 0.00000000 408.94382614 412.32603012
1487262798.000000 113.89818035 22.95116348 45.18144608 0.00000000 0.00000000 0.00000000 0.00000000 411.94097823 415.32687613
1487262799.000000 113.89817962 22.95119048 45.01456833 0.00000000 0.00000000 0.00000000 0.00000000 414.93153745 418.32208775
1487262800.000000 113.89817878 22.95121779 44.84887695 0.00000000 0.00000000 0.00000000 0.00000000 417.95786365 421.35294636
1487262801.000000 113.89817540 22.95124304 44.67365265 0.00000000 0.00000000 0.00000000 0.00000000 420.77545251 424.17597851
1487262802.000000 113.89816977 22.95126670 44.48873901 0.00000000 0.00000000 0.00000000 0.00000000 423.45783259 426.86472468
1487262803.000000 113.89816336 22.95129028 44.28809357 0.00000000 0.00000000 0.00000000 0.00000000 426.15114451 429.56550007
1487262804.000000 113.89815830 22.95131377 44.07161331 0.00000000 0.00000000 0.00000000 0.00000000 428.80400564 432.22717922
1487262805.000000 113.89815508 22.95133700 43.84575653 0.00000000 0.00000000 0.00000000 0.00000000 431.39687947 434.82987128
1487262806.000000 113.89815178 22.95135864 43.60468674 0.00000000 0.00000000 0.00000000 0.00000000 433.81758288 437.26254875
1487262807.000000 113.89815087 22.95137711 43.34249115 0.00000000 0.00000000 0.00000000 0.00000000 435.86485791 439.32654525
1487262808.000000 113.89815524 22.95139041 43.06651306 0.00000000 0.00000000 0.00000000 0.00000000 437.40454685 440.89077219
1487262809.000000 113.89816388 22.95140445 42.21894073 0.00000000 0.00000000 0.00000000 0.00000000 439.19449488 442.87125012
1487262810.000000 113.89817780 22.95142800 41.63903427 0.00000000 0.00000000 0.00000000 0.00000000 442.16714335 445.89993472
1487262811.000000 113.89819522 22.95145735 41.19169998 0.00000000 0.00000000 0.00000000 0.00000000 445.87666902 449.63633521
1487262812.000000 113.89821255 22.95148753 40.80433655 0.00000000 0.00000000 0.00000000 0.00000000 449.66142226 453.44085983
1487262813.000000 113.89823326 22.95152143 40.45289230 0.00000000 0.00000000 0.00000000 0.00000000 453.97545503 457.76918419
1487262814.000000 113.89825813 22.95155555 40.11822891 0.00000000 0.00000000 0.00000000 0.00000000 458.53453168 462.34052748
1487262815.000000 113.89828319 22.95158961 39.79421997 0.00000000 0.00000000 0.00000000 0.00000000 463.09887822 466.91635977
1487262816.000000 113.89830586 22.95162526 39.47722626 0.00000000 0.00000000 0.00000000 0.00000000 467.68013752 471.50857294
1487262817.000000 113.89832696 22.95166051 39.16498947 0.00000000 0.00000000 0.00000000 0.00000000 472.14406256 475.98340462
1487262818.000000 113.89834849 22.95169298 38.85599899 0.00000000 0.00000000 0.00000000 0.00000000 476.36391124 480.21455080
1487262819.000000 113.89837015 22.95172259 38.55844498 0.00000000 0.00000000 0.00000000 0.00000000 480.32402798 484.18583057
1487262820.000000 113.89839418 22.95175446 38.25082397 0.00000000 0.00000000 0.00000000 0.00000000 484.62874987 488.50152996
1487262821.000000 113.89841570 22.95178607 37.93443680 0.00000000 0.00000000 0.00000000 0.00000000 488.76692866 492.65178592
1487262822.000000 113.89843666 22.95181485 37.60031509 0.00000000 0.00000000 0.00000000 0.00000000 492.61201982 496.51136664
1487262823.000000 113.89845173 22.95184337 37.27212143 0.00000000 0.00000000 0.00000000 0.00000000 496.12815814 500.04278842
1487262824.000000 113.89846542 22.95187075 36.93708038 0.00000000 0.00000000 0.00000000 0.00000000 499.46894851 503.40033704
1487262825.000000 113.89846309 22.95189400 36.61116028 0.00000000 0.00000000 0.00000000 0.00000000 502.05481008 506.00665705
1487262826.000000 113.89846563 22.95191780 36.33435822 0.00000000 0.00000000 0.00000000 0.00000000 504.70378953 508.67005930
1487262827.000000 113.89847148 22.95194288 36.00460815 0.00000000 0.00000000 0.00000000 0.00000000 507.54500158 511.53034267
1487262828.000000 113.89847837 22.95196875 35.72510529 0.00000000 0.00000000 0.00000000 0.00000000 510.49626663 514.49481350
1487262829.000000 113.89847647 22.95199352 35.44464493 0.00000000 0.00000000 0.00000000 0.00000000 513.24586193 517.25867535
1487262830.000000 113.89846454 22.95201526 35.16330338 0.00000000 0.00000000 0.00000000 0.00000000 515.94623241 519.97366224
1487262831.000000 113.89845326 22.95203499 34.87945557 0.00000000 0.00000000 0.00000000 0.00000000 518.41902883 522.46269652
1487262832.000000 113.89844915 22.95205810 34.57498932 0.00000000 0.00000000 0.00000000 0.00000000 521.01249452 525.07397283
1487262833.000000 113.89841054 22.95206189 34.31634521 0.00000000 0.00000000 0.00000000 0.00000000 524.99525639 529.06512417
1487262833.000000 113.89841054 22.95206189 34.31634521 0.00000000 0.00000000 0.00000000 0.00000000 524.99525639 529.06512417
1487262833.000000 113.89841054 22.95206189 34.31634521 0.00000000 0.00000000 0.00000000 0.00000000 524.99525639 529.06512417
1487262834.000000 113.89838235 22.95206135 34.04236221 0.00000000 0.00000000 0.00000000 0.00000000 527.88676237 531.96958169
1487262834.000000 113.89838235 22.95206135 34.04236221 0.00000000 0.00000000 0.00000000 0.00000000 527.88676237 531.96958169
1487262835.000000 113.89836982 22.95206282 33.79263687 0.00000000 0.00000000 0.00000000 0.00000000 529.18242186 533.28908775
1487262836.000000 113.89836217 22.95206469 33.56623077 0.00000000 0.00000000 0.00000000 0.00000000 529.99324858 534.13093079
1487262839.000000 113.89834046 22.95207014 32.81284714 0.00000000 0.00000000 0.00000000 0.00000000 532.30032902 536.55790566
1487262841.000000 113.89834519 22.95207961 32.34640503 0.00000000 0.00000000 0.00000000 0.00000000 533.45580762 537.80397911
1487262841.000000 113.89834519 22.95207961 32.34640503 0.00000000 0.00000000 0.00000000 0.00000000 533.45580762 537.80397911
1487262842.000000 113.89834570 22.95208466 32.15798569 0.00000000 0.00000000 0.00000000 0.00000000 534.01712275 538.39607414
1487262842.000000 113.89834570 22.95208466 32.15798569 0.00000000 0.00000000 0.00000000 0.00000000 534.01712275 538.39607414
1487262843.000000 113.89834558 22.95208937 31.98608971 0.00000000 0.00000000 0.00000000 0.00000000 534.53847611 538.94503457
1487262843.000000 113.89834558 22.95208937 31.98608971 0.00000000 0.00000000 0.00000000 0.00000000 534.53847611 538.94503457
1487262843.000000 113.89834558 22.95208937 31.98608971 0.00000000 0.00000000 0.00000000 0.00000000 534.53847611 538.94503457
1487262843.000000 113.89834558 22.95208937 31.98608971 0.00000000 0.00000000 0.00000000 0.00000000 534.53847611 538.94503457
1487262844.000000 113.89834517 22.95209322 31.74037361 0.00000000 0.00000000 0.00000000 0.00000000 534.96692447 539.43894185
1487262844.000000 113.89834517 22.95209322 31.74037361 0.00000000 0.00000000 0.00000000 0.00000000 534.96692447 539.43894185
1487262846.000000 113.89834642 22.95209751 31.42520332 0.00000000 0.00000000 0.00000000 0.00000000 535.45885704 540.02317636
1487262848.000000 113.89834718 22.95210388 30.92491150 0.00000000 0.00000000 0.00000000 0.00000000 536.16887199 540.89174595
1487262852.000000 113.89834879 22.95211632 29.92407227 0.00000000 0.00000000 0.00000000 0.00000000 537.55591989 542.60217896
1487262861.000000 113.89835569 22.95213113 31.26985168 0.00000000 0.00000000 0.00000000 0.00000000 539.34192467 544.83845607
1487262864.000000 113.89832984 22.95213569 31.01518440 0.00000000 0.00000000 0.00000000 0.00000000 542.04056929 547.54909035
1487262865.000000 113.89831721 22.95213717 30.98578453 0.00000000 0.00000000 0.00000000 0.00000000 543.34626429 548.85511629
1487262866.000000 113.89830597 22.95213846 30.95354462 0.00000000 0.00000000 0.00000000 0.00000000 544.50757169 550.01687113
1487262867.000000 113.89826666 22.95214116 30.95229721 0.00000000 0.00000000 0.00000000 0.00000000 548.55043125 554.05973088
1487262868.000000 113.89823134 22.95214326 30.95832253 0.00000000 0.00000000 0.00000000 0.00000000 552.18065826 557.68996289
1487262869.000000 113.89819897 22.95214506 30.95368767 0.00000000 0.00000000 0.00000000 0.00000000 555.50684606 561.01615392
1487262870.000000 113.89816562 22.95214471 30.95108414 0.00000000 0.00000000 0.00000000 0.00000000 558.92666679 564.43597564
1487262871.000000 113.89813270 22.95214228 30.95805931 0.00000000 0.00000000 0.00000000 0.00000000 562.31374037 567.82305641
1487262872.000000 113.89810204 22.95213670 30.96918869 0.00000000 0.00000000 0.00000000 0.00000000 565.51842256 571.02775792
1487262873.000000 113.89807154 22.95213196 31.07494736 0.00000000 0.00000000 0.00000000 0.00000000 568.69016841 574.20126649
1487262874.000000 113.89803968 22.95212926 31.08321953 0.00000000 0.00000000 0.00000000 0.00000000 571.97168638 577.48279488
1487262875.000000 113.89801182 22.95212153 31.09055328 0.00000000 0.00000000 0.00000000 0.00000000 574.95391175 580.46502927
1487262876.000000 113.89797407 22.95212340 31.09688568 0.00000000 0.00000000 0.00000000 0.00000000 578.83123208 584.34235478
1487262877.000000 113.89793680 22.95212483 31.11053467 0.00000000 0.00000000 0.00000000 0.00000000 582.65715899 588.16830603
1487262889.000000 113.89788120 22.95208947 31.33976555 0.00000000 0.00000000 0.00000000 0.00000000 589.57513599 595.09007983
1487262890.000000 113.89784979 22.95209533 31.39709473 0.00000000 0.00000000 0.00000000 0.00000000 592.86049308 598.37593708
1487262891.000000 113.89781402 22.95210071 31.48812866 0.00000000 0.00000000 0.00000000 0.00000000 596.57741833 602.09397695
1487262892.000000 113.89777334 22.95210717 31.51174927 0.00000000 0.00000000 0.00000000 0.00000000 600.81057153 606.32719605
1487262893.000000 113.89773194 22.95211513 31.46258736 0.00000000 0.00000000 0.00000000 0.00000000 605.14763467 610.66453781
1487262894.000000 113.89768907 22.95212514 31.34831810 0.00000000 0.00000000 0.00000000 0.00000000 609.68106868 615.19941173
1487262895.000000 113.89764856 22.95213778 31.18235207 0.00000000 0.00000000 0.00000000 0.00000000 614.06604575 619.58752848
1487262896.000000 113.89760675 22.95215450 30.82954025 0.00000000 0.00000000 0.00000000 0.00000000 618.73671294 624.27150202
1487262897.000000 113.89756881 22.95217473 30.71169281 0.00000000 0.00000000 0.00000000 0.00000000 623.22613130 628.76246686
1487262898.000000 113.89753971 22.95218846 30.58438110 0.00000000 0.00000000 0.00000000 0.00000000 626.57563754 632.11439173
1487262899.000000 113.89751037 22.95220110 30.36442566 0.00000000 0.00000000 0.00000000 0.00000000 629.89415648 635.44019214
1487262900.000000 113.89748047 22.95221365 30.22130203 0.00000000 0.00000000 0.00000000 0.00000000 633.26121073 638.81028690
1487262901.000000 113.89744758 22.95222758 29.89959526 0.00000000 0.00000000 0.00000000 0.00000000 636.97048414 642.53348505
1487262902.000000 113.89741196 22.95224556 29.71043777 0.00000000 0.00000000 0.00000000 0.00000000 641.13098672 646.69828544
1487262903.000000 113.89737425 22.95226353 29.50765419 0.00000000 0.00000000 0.00000000 0.00000000 645.48021940 651.05224296
1487262904.000000 113.89733793 22.95228146 29.28901863 0.00000000 0.00000000 0.00000000 0.00000000 649.70139437 655.27907625
1487262905.000000 113.89730455 22.95230027 29.03952217 0.00000000 0.00000000 0.00000000 0.00000000 653.70947919 659.29491893
1487262906.000000 113.89727100 22.95232013 28.36429405 0.00000000 0.00000000 0.00000000 0.00000000 657.79283704 663.43372846
1487262907.000000 113.89723226 22.95233870 27.86065483 0.00000000 0.00000000 0.00000000 0.00000000 662.26705787 667.93620605
1487262908.000000 113.89718743 22.95235295 27.37101173 0.00000000 0.00000000 0.00000000 0.00000000 667.12762600 672.82137472
1487262909.000000 113.89714573 22.95236734 26.92248154 0.00000000 0.00000000 0.00000000 0.00000000 671.69140934 677.40714594
1487262910.000000 113.89710609 22.95238211 26.49332047 0.00000000 0.00000000 0.00000000 0.00000000 676.07422170 681.81091972
1487262911.000000 113.89705350 22.95237192 26.01865959 0.00000000 0.00000000 0.00000000 0.00000000 681.58481432 687.34191727
1487262912.000000 113.89700447 22.95235795 25.59485054 0.00000000 0.00000000 0.00000000 0.00000000 686.84542367 692.61957061
1487262913.000000 113.89695949 22.95234350 25.19211578 0.00000000 0.00000000 0.00000000 0.00000000 691.72860092 697.51932728
1487262914.000000 113.89692142 22.95233387 24.78995514 0.00000000 0.00000000 0.00000000 0.00000000 695.77563004 701.58628902
1487262915.000000 113.89688701 22.95232584 24.40335846 0.00000000 0.00000000 0.00000000 0.00000000 699.41475421 705.24589033
1487262916.000000 113.89685678 22.95231934 24.02857208 0.00000000 0.00000000 0.00000000 0.00000000 702.59854704 708.45166663
1487262917.000000 113.89682999 22.95231391 23.67745399 0.00000000 0.00000000 0.00000000 0.00000000 705.41105728 711.28600919
1487262918.000000 113.89680957 22.95231016 23.34658241 0.00000000 0.00000000 0.00000000 0.00000000 707.54575936 713.44620107
1487262919.000000 113.89679170 22.95230725 23.03395081 0.00000000 0.00000000 0.00000000 0.00000000 709.40698952 715.33350502
1487262920.000000 113.89677689 22.95230679 22.73652267 0.00000000 0.00000000 0.00000000 0.00000000 710.92654193 716.88189226
1487262920.000000 113.89677689 22.95230679 22.73652267 0.00000000 0.00000000 0.00000000 0.00000000 710.92654193 716.88189226
1487262921.000000 113.89676508 22.95230748 22.46476364 0.00000000 0.00000000 0.00000000 0.00000000 712.13973250 718.12514780
1487262922.000000 113.89675971 22.95231040 22.22418976 0.00000000 0.00000000 0.00000000 0.00000000 712.77888378 718.80807542
1487262922.000000 113.89675971 22.95231040 22.22418976 0.00000000 0.00000000 0.00000000 0.00000000 712.77888378 718.80807542
1487262923.000000 113.89675352 22.95231339 22.00056267 0.00000000 0.00000000 0.00000000 0.00000000 713.49477496 719.55808160
1487262925.000000 113.89672760 22.95231313 21.49680901 0.00000000 0.00000000 0.00000000 0.00000000 716.15393766 722.26453943
1487262926.000000 113.89671385 22.95231275 21.36440277 0.00000000 0.00000000 0.00000000 0.00000000 717.56436835 723.68117140
1487262928.000000 113.89672471 22.95232292 21.01046181 0.00000000 0.00000000 0.00000000 0.00000000 719.14814949 725.30401980
1487262928.000000 113.89672471 22.95232292 21.01046181 0.00000000 0.00000000 0.00000000 0.00000000 719.14814949 725.30401980
1487262929.000000 113.89673058 22.95232452 21.03283691 0.00000000 0.00000000 0.00000000 0.00000000 719.77668592 725.93295437
1487262930.000000 113.89673566 22.95232154 20.75813293 0.00000000 0.00000000 0.00000000 0.00000000 720.39329490 726.60798689
1487262958.000000 113.89674510 22.95229252 23.57003593 0.00000000 0.00000000 0.00000000 0.00000000 723.75031899 730.98707461
1487262959.000000 113.89674699 22.95228337 23.55837822 0.00000000 0.00000000 0.00000000 0.00000000 724.78135455 732.01817607
1487262960.000000 113.89674909 22.95226872 23.66001511 0.00000000 0.00000000 0.00000000 0.00000000 726.41801369 733.65798801
1487262961.000000 113.89675005 22.95224936 23.76986885 0.00000000 0.00000000 0.00000000 0.00000000 728.56450243 735.80728598
1487262962.000000 113.89675018 22.95222854 23.90179062 0.00000000 0.00000000 0.00000000 0.00000000 730.87000692 738.11656169
1487262963.000000 113.89674962 22.95220471 24.03743172 0.00000000 0.00000000 0.00000000 0.00000000 733.50976767 740.75980502
1487262964.000000 113.89675029 22.95218219 24.22558022 0.00000000 0.00000000 0.00000000 0.00000000 736.00480947 743.26193081
1487262965.000000 113.89675295 22.95215038 24.47832489 0.00000000 0.00000000 0.00000000 0.00000000 739.53770149 746.80385203
1487262966.000000 113.89675768 22.95211621 24.72550392 0.00000000 0.00000000 0.00000000 0.00000000 743.35372881 750.62787634
1487262967.000000 113.89676172 22.95208254 24.95714760 0.00000000 0.00000000 0.00000000 0.00000000 747.10438909 754.38568306
1487262968.000000 113.89676654 22.95204657 25.30879784 0.00000000 0.00000000 0.00000000 0.00000000 751.11854284 758.41521010
1487262969.000000 113.89676997 22.95201101 25.54289818 0.00000000 0.00000000 0.00000000 0.00000000 755.07235085 762.37594246
1487262970.000000 113.89677353 22.95197615 25.73096657 0.00000000 0.00000000 0.00000000 0.00000000 758.95051759 766.25866662
1487262971.000000 113.89677539 22.95194542 25.92590332 0.00000000 0.00000000 0.00000000 0.00000000 762.35887015 769.67258923
1487262972.000000 113.89677709 22.95191582 26.11083984 0.00000000 0.00000000 0.00000000 0.00000000 765.64181924 772.96074315
1487262973.000000 113.89677753 22.95188684 26.30539131 0.00000000 0.00000000 0.00000000 0.00000000 768.85059865 776.17541507
1487262974.000000 113.89677586 22.95185938 26.48474503 0.00000000 0.00000000 0.00000000 0.00000000 771.89644314 779.22653559
1487262975.000000 113.89677340 22.95183308 26.55905151 0.00000000 0.00000000 0.00000000 0.00000000 774.82039580 782.15143227
1487262976.000000 113.89676980 22.95180787 26.74695015 0.00000000 0.00000000 0.00000000 0.00000000 777.63692660 784.97422374
1487262977.000000 113.89677320 22.95177952 26.94863129 0.00000000 0.00000000 0.00000000 0.00000000 780.79506566 788.13879600
1487262978.000000 113.89677987 22.95174898 27.19042206 0.00000000 0.00000000 0.00000000 0.00000000 784.24615293 791.59834309
1487262979.000000 113.89678852 22.95171648 27.45178223 0.00000000 0.00000000 0.00000000 0.00000000 787.95330982 795.31470172
1487262980.000000 113.89680001 22.95168301 27.73892021 0.00000000 0.00000000 0.00000000 0.00000000 791.84224272 799.21422057
1487262981.000000 113.89680906 22.95165158 28.54472733 0.00000000 0.00000000 0.00000000 0.00000000 795.44437335 802.90538166
1487262982.000000 113.89681579 22.95162134 29.03568077 0.00000000 0.00000000 0.00000000 0.00000000 798.86371950 806.35979382
1487262983.000000 113.89682847 22.95159067 29.40190506 0.00000000 0.00000000 0.00000000 0.00000000 802.50074583 810.01521182
1487262984.000000 113.89683835 22.95156051 29.70394897 0.00000000 0.00000000 0.00000000 0.00000000 805.99079707 813.51830877
1487262985.000000 113.89684435 22.95153147 29.95081711 0.00000000 0.00000000 0.00000000 0.00000000 809.26582818 816.80263101
1487262986.000000 113.89684573 22.95150070 30.17620850 0.00000000 0.00000000 0.00000000 0.00000000 812.67544680 820.21969121
1487262987.000000 113.89684699 22.95146887 30.38536835 0.00000000 0.00000000 0.00000000 0.00000000 816.20301291 823.75345274
1487262988.000000 113.89685052 22.95143787 30.60795784 0.00000000 0.00000000 0.00000000 0.00000000 819.65528176 827.21289002
1487262989.000000 113.89684179 22.95140290 30.82846642 0.00000000 0.00000000 0.00000000 0.00000000 823.62975602 831.19347662
1487262990.000000 113.89683449 22.95137117 31.07203865 0.00000000 0.00000000 0.00000000 0.00000000 827.22223456 834.79420286
1487262991.000000 113.89682839 22.95134129 31.25362206 0.00000000 0.00000000 0.00000000 0.00000000 830.59069068 838.16754974
1487262992.000000 113.89682365 22.95131499 31.49306488 0.00000000 0.00000000 0.00000000 0.00000000 833.54385643 841.13040661
1487262993.000000 113.89681919 22.95129175 31.72730827 0.00000000 0.00000000 0.00000000 0.00000000 836.15681820 843.75384694
1487262994.000000 113.89681610 22.95127105 31.95774841 0.00000000 0.00000000 0.00000000 0.00000000 838.47102061 846.07949426
1487262995.000000 113.89681201 22.95124661 32.00928116 0.00000000 0.00000000 0.00000000 0.00000000 841.21073270 848.81969096
1487262996.000000 113.89681249 22.95123508 32.22408295 0.00000000 0.00000000 0.00000000 0.00000000 842.48830473 850.11519476
1487262997.000000 113.89681204 22.95122604 32.22067261 0.00000000 0.00000000 0.00000000 0.00000000 843.49064988 851.11754571
1487262998.000000 113.89681102 22.95121850 32.25650024 0.00000000 0.00000000 0.00000000 0.00000000 844.33178681 851.95944532
1487262998.000000 113.89681102 22.95121850 32.25650024 0.00000000 0.00000000 0.00000000 0.00000000 844.33178681 851.95944532
1487262999.000000 113.89680891 22.95121237 32.26933670 0.00000000 0.00000000 0.00000000 0.00000000 845.04486912 852.67264316
1487262999.000000 113.89680891 22.95121237 32.26933670 0.00000000 0.00000000 0.00000000 0.00000000 845.04486912 852.67264316
1487262999.000000 113.89680891 22.95121237 32.26933670 0.00000000 0.00000000 0.00000000 0.00000000 845.04486912 852.67264316
1487262999.000000 113.89680891 22.95121237 32.26933670 0.00000000 0.00000000 0.00000000 0.00000000 845.04486912 852.67264316
1487262999.000000 113.89680891 22.95121237 32.26933670 0.00000000 0.00000000 0.00000000 0.00000000 845.04486912 852.67264316
1487262999.000000 113.89680891 22.95121237 32.26933670 0.00000000 0.00000000 0.00000000 0.00000000 845.04486912 852.67264316
1487263000.000000 113.89680628 22.95121017 32.25592804 0.00000000 0.00000000 0.00000000 0.00000000 845.40782559 853.03584722
1487263000.000000 113.89680628 22.95121017 32.25592804 0.00000000 0.00000000 0.00000000 0.00000000 845.40782559 853.03584722
1487263000.000000 113.89680628 22.95121017 32.25592804 0.00000000 0.00000000 0.00000000 0.00000000 845.40782559 853.03584722
1487263001.000000 113.89680554 22.95121146 32.40888977 0.00000000 0.00000000 0.00000000 0.00000000 845.56939892 853.25834044
1487263003.000000 113.89680289 22.95120522 32.80290985 0.00000000 0.00000000 0.00000000 0.00000000 846.31200850 854.09900733
1487263009.000000 113.89679523 22.95118820 33.98640060 0.00000000 0.00000000 0.00000000 0.00000000 848.35481154 856.45987467
